998046
6354039
9445601
12544590
29472835
30892913
42033819
43533414
47561316
47749627
49824535
54240071
56234316
56251540
56902120
57232362
62157462
69457109
71523259
79860636
82595639
84622145
87795033
89595135
98428548
109265252
114802036
115232863
117530921
118979007
119944355
129848117
141995097
142993143
143326687
147856433
151545833
153705907
155495645
157638248
163369719
163601450
165749840
171123009
173226398
178551136
180002150
180624103
183386327
184110292
188436116
195332596
198022800
200225506
201289453
203709553
208447953
208478548
209597728
213733205
213803420
218065353
218106495
226234712
227354637
235157861
240732116
242504610
246843204
247538188
252229982
258812706
260437642
263006033
265667811
266221131
271664519
275513411
289397933
289901296
290991527
294579149
296242986
299206512
304496617
317753500
322553019
325836479
337536344
338056826
338097691
340473959
342776905
355262946
358927701
359237800
365095147
368531417
368694843
378787335
400796166
401344123
404049406
407658660
410241768
422800487
430784459
435101732
436019697
436797102
443099849
444476656
448942628
453623179
456730893
464184008
476739238
482623828
485375479
487557985
487632054
488608852
488761921
500241568
509978876
511134360
520443090
531901137
535968418
536150388
538560448
541353038
541881406
542775332
548667525
549595078
551386572
557790094
559409836
559480855
559577618
562320934
569704472
573433592
576666965
578438982
579347302
586426537
588774150
600733316
601611438
605171635
607151433
608730861
608908152
627112672
627680463
634217223
636245203
639177887
643168494
644531718
650163271
655906499
656375572
662634351
663504794
666600572
667138117
674778122
681472074
682405222
684110519
685334677
685848407
688677684
690447861
691206573
691538645
703023606
705922461
711268329
717266300
724332948
726271004
729169490
750470312
752237021
754933150
755943709
759035910
762716794
766020790
770147550
776052082
779257283
781965070
783437677
788789560
793018445
799448080
802438991
804433137
814807002
815787842
816912624
828622674
829106992
839094913
842291272
847625840
855233528
861804898
864174001
879665778
883900610
885710337
891551113
894595888
896380604
903503930
906636234
912542223
912582036
913235550
915838471
920108525
922317500
931763102
933386596
935523245
959290256
965541437
967561485
973857104
974965602
980629841
982089371
983349671
983886268
984541189
984962321
989589070
990824034
992492135
992881281
994071734
999969161
1004682901
1008203972
1013574895
1016015376
1020502913
1025324573
1027419682
1033047503
1038743436
1044285181
1045091791
1045648640
1046398946
1046469520
1051176137
1058809072
1060679527
1067200903
1070196030
1071903604
1077849825
1079827029
1087207794
1089077705
1093254615
1097148371
1110574623
1110734318
1113053012
1116403983
1118610424
1124631385
1131370700
1132466318
1133612654
1142912950
1143868827
1144897999
1148610586
1157012427
1161702383
1167908104
1167927516
1168673389
1170644055
1175570262
1178300754
1182770779
1184987495
1187702587
1196537531
1198279575
1199771384
1202011011
1209763145
1216175172
1218696506
1220495216
1221639838
1223105346
1224317493
1228285875
1231330811
1255442734
1257602783
1257820733
1260176916
1263774204
1264963370
1275818194
1282334079
1283483662
1285528794
1288174976
1289759743
1296618858
1296906630
1302330518
1302352056
1307304165
1314414006
1315567497
1319246714
1326856433
1333602924
1333893513
1337549718
1342004870
1353083096
1359999202
1364009855
1371012266
1371458595
1371709252
1372678647
1382269739
1393471468
1396180575
1399825507
1403581183
1404107794
1405486716
1411332961
1411566915
1413639446
1414386930
1414751308
1419917327
1423570573
1423679258
1428333089
1433366902
1440801019
1451517117
1455317556
1456036425
1458338038
1459316542
1460041988
1463389826
1477623015
1488125764
1489098569
1490457883
1490690492
1509761509
1511256847
1521273084
1531774425
1532864344
1534234320
1534862988
1538721691
1544670074
1554070676
1559163696
1564659500
1567508387
1568198408
1570801147
1581266286
1598233742
1604397070
1605703840
1609870932
1612955804
1617757156
1619811510
1621582603
1628288958
1629112943
1634722517
1641785753
1645535298
1646426238
1649456817
1653856994
1661412626
1667317253
1667766665
1669582470
1675298830
1675871513
1681441235
1689013605
1692386973
1693162815
1696696648
1697268045
1702079439
1702255141
1706328560
1707789976
1710135531
1712204171
1719465179
1721615191
1731007812
1734237401
1740059382
1742180616
1742383952
1745795202
1746661889
1754496292
1756404237
1762346564
1773845025
1781996385
1782119289
1783989269
1797347318
1804925306
1806676966
1809252515
1814461205
1816881475
1821285695
1822373154
1834487698
1835157912
1854531278
1858780990
1860120612
1860844934
1862582074
1865504055
1884274189
1890688695
1895149971
1898116543
1899633444
1903458196
1904544913
1907399984
1907453564
1917120658
1922361608
1924169675
1927709299
1929064522
1936551433
1939654723
1954533399
1960234226
1960715596
1963417588
1963727640
1964537865
1971883506
1978151055
1987601891
1991873138
1999817665
2000146481
2008801235
2012359375
2015905701
2025632009
2026695328
2030484664
2034232992
2039826386
2047247997
2058359132
2062183910
2065910046
2067193421
2068673859
2069135899
2071035987
2072794768
2072859842
2080178581
2080948509
2097281677
2121871803
2124051570
2126918223
2137543070
2138154000
2140055521
2140659158
2144250275
